accepted_pixels = [ ...
     1     1     1     1     1     1     1     1     1     1     1     1     1     1     1     1     1     1     1     1     1     1     1     1     1    5     0     0; ...
     1     1     1     1     1     1     1     1     1     1     1     1     1     1     1     1     1     1     1     1     1     1     1     1     5    -1     5     0; ...
     1     1     1     1     1     1     1     1     1     1     1     1     1     1     1     1     1     1     1     1     1     1     1     5    -1    -1     5     0; ...
     1     1     1     1     1     1     1     1     1     1     1     1     1     1     1     1     1     1     1     1     1     1     1     5    -1    -1     5     0; ...
     1     1     1     1     1     1     1     1     1     1     1     1     1     1     1     1     1     1     1     1     1     1     1     5    -1     5     0     0; ...
     1     1     1     1     1     1     1     1     1     1     1     1     1     1     1     1     1     1     1     1     1     1     1     5    -1     5     0     0; ...
     1     1     1     1     1     1     1     1     1     1     1     1     1     1     1     1     1     1     1     1     1     1     1     5    -1     5     0     0; ...
     1     1     1     1     1     1     1     1     1     1     1     1     1     1     1     1     1     1     1     1     1     1     1     5    -1     5     0     0; ...
     1     1     1     1     1     1     1     1     1     1     1     1     1     1     1     1     1     1     1     1     1     1     5    -1     5     0     0     0; ...
     1     1     1     1     1     1     1     1     1     1     1     1     1     1     1     1     1     1     1     1     1     1     3     5     0     0     0     0; ...
     1     1     1     1     1     1     1     1     1     1     1     1     1     1     1     1     1     1     1     5     5     5     0     0     0     0     0     0; ...
     1     1     1     1     1     1     1     1     1     1     1     1     1     1     1     1     1     1     5    -1    -1    -1     5     0     0     0     0     0; ...
     1     1     1     1     1     1     1     1     1     1     1     1     1     1     1     1     1     1     5    -1    -1    -1     5     0     0     0     0     0; ...
     1     1     1     1     1     1     1     1     1     1     1     1     1     1     1     1     1     1     5    -1    -1    -1     5     0     0     0     0     0; ...
     1     1     1     1     1     1     1     1     1     1     1     1     1     1     1     1     1     1     5    -1    -1    -1     5     0     0     0     0     0; ...
     1     1     1     1     1     1     1     1     1     1     1     1     1     1     1     1     1     1     5    -1    -1    -1     5     0     0     0     0     0; ...
     1     1     1     1     1     1     1     1     1     1     1     1     1     1     1     1     1     1     5    -1    -1    -1     5     0     0     0     0     0; ...
     1     1     1     1     1     1     1     1     1     1     1     1     1     1     1     1     1     1     5    -1    -1    -1     5     0     0     0     0     0; ...
     1     1     1     1     1     1     1     1     1     1     1     1     1     1     1     1     1     1     5    -1    -1     5     0     0     0     0     0     0; ...
     1     1     1     1     1     1     1     1     1     1     1     1     1     1     1     1     1     1     5    -1     5     0     0     0     0     0     0     0; ...
     1     1     1     1     1     1     1     1     1     1     1     1     1     1     1     1     1     5    -1    -1     5     0     0     0     0     0     0     0; ...
     1     1     1     1     1     1     1     1     1     1     1     1     1     1     1     1     1     5    -1    -1     5     0     0     0     0     0     0     0; ...
     1     1     1     1     1     1     1     1     1     1     1     1     1     1     1     1     1     5    -1    -1     5     0     0     0     0     0     0     0; ...
     1     1     1     1     1     1     1     1     1     1     1     1     1     1     1     1     1     5    -1     5     0     0     0     0     0     0     0     0; ...
     1     1     1     1     1     1     1     1     1     1     1     1     1     1     1     1     1     1     5     0     0     0     0     0     0     0     0     0; ...
     1     1     1     1     1     1     1     1     1     1     1     1     1     1     1     1     1     5     0     0     0     0     0     0     0     0     0     0; ...
     1     1     1     1     1     1     1     1     1     1     1     1     1     1     1     1     5    -1     5     0     0     0     0     0     0     0     0     0; ...
     1     1     1     1     1     1     1     1     1     1     1     1     1     1     1     1     1     5     0     0     0     0     0     0     0     0     0     0; ...
     1     1     1     1     1     1     1     1     1     1     1     1     1     1     1     1     3     0     0     0     0     0     0     0     0     0     0     0; ...
     1     1     1     1     1     1     1     1     1     1     1     1     1     1     1     5     0     0     0     0     0     0     0     0     0     0     0     0; ...
     1     1     1     1     1     1     1     1     1     1     1     1     1     1     5    -1     5     0     0     0     0     0     0     0     0     0     0     0; ...
     1     1     1     1     1     1     1     1     1     1     1     1     1     1     5    -1     5     0     0     0     0     0     0     0     0     0     0     0; ...
     1     1     1     1     1     1     1     1     1     1     1     1     1     1     5     5     0     0     0     0     0     0     0     0     0     0     0     0; ...
     1     1     1     1     1     1     1     1     1     1     1     1     1     5    -1     5     0     0     0     0     0     0     0     0     0     0     0     0; ...
     1     1     1     1     1     1     1     1     1     1     1     1     1     5    -1     5     0     0     0     0     0     0     0     0     0     0     0     0; ...
     1     1     1     1     1     1     1     1     1     1     1     1     1     5    -1    -1     5     0     0     0     0     0     0     0     0     0     0     0; ...
     1     1     1     1     1     1     1     1     1     1     1     1     1     5    -1     5     0     0     0     0     0     0     0     0     0     0     0     0; ...
     1     1     1     1     1     1     1     1     1     1     1     1     1     1     5     0     0     0     0     0     0     0     0     0     0     0     0     0; ...
     1     1     1     1     1     1     1     1     1     1     1     1     1     3     0     0     0     0     0     0     0     0     0     0     0     0     0     0; ...
     1     1     1     1     1     1     1     1     1     1     1     1     1     3     0     0     0     0     0     0     0     0     0     0     0     0     0     0; ...
     1     1     1     1     1     1     1     1     1     1     1     1     3     0     0     0     0     0     0     0     0     0     0     0     0     0     0     0; ...
     1     1     1     1     1     1     1     1     1     1     1     1     3     0     0     0     0     0     0     0     0     0     0     0     0     0     0     0; ...
     1     1     1     1     1     1     1     1     1     1     1     1     3     0     0     0     0     0     0     0     0     0     0     0     0     0     0     0; ...
     1     1     1     1     1     1     1     1     1     1     1     1     3     0     0     0     0     0     0     0     0     0     0     0     0     0     0     0; ...
     1     1     1     1     1     1     1     1     1     1     1     1     3     0     0     0     0     0     0     0     0     0     0     0     0     0     0     0; ...
